1.075
1.677
2.193
2.451
2.753
3.268
3.831
4.343
4.645
4.946
5.461
6.021
6.536
6.837
7.096
7.654
8.213
8.73
9.03
9.331
9.847
10.363
10.922
11.266
11.568
12.126
12.643
13.159
13.459
13.717
14.319
14.835
15.395
15.653
15.955
16.514
17.034
17.544
17.802
18.103
18.62
19.222
20.081
20.339
20.511
20.855
21.414
22.274
22.575
22.748
23.048
23.607
24.511
24.768
24.941
25.327
25.844
26.66
26.961
27.09
27.434
28.036
28.638
29.154
29.714
30.273
31.09
31.39
31.564
31.863
32.466
33.325
33.584
33.756
34.099
34.357
34.659
34.873
35.174
35.776
36.034
36.379
36.894
37.711
37.969
38.142
38.486
39.044
39.905
40.163
40.334
40.679
41.195
42.097
42.355
42.53
42.872
43.431
44.29
44.548
44.85
45.107
45.667
46.526
46.786
46.957
47.258
47.816
48.72
48.978
49.149
49.494
50.053
50.956
51.17
51.343
51.686
51.987
52.246
52.546
52.847
53.363
53.623
53.879
54.439
55.084
55.643
56.158
56.674
57.19
57.749
58.308
58.869
59.383
59.943
60.458
61.06
61.619
62.135
62.694
63.253
63.813
64.328
64.887
65.446
66.005
66.564
67.125
67.682
68.242
68.757
69.273
69.875
70.392
70.649
70.907
71.165
71.467
72.068
72.973
73.186
73.358
73.745
74.261
75.121
75.38
75.552
75.896
76.454
77.314
77.615
77.787
78.131
78.691
79.55
79.768
79.983
80.324
80.926
81.787
82.001
82.173
82.518
83.119
83.894
84.194
84.323
84.667
89.182
89.786
90.3
90.817
91.333
91.892
92.408
92.923
93.482
94.041
94.644
95.159
95.676
96.234
96.837
97.395
97.954
98.514
99.073
99.589
100.106
100.664
101.179
101.783
102.297
102.943
103.286
103.458
103.716
103.975
104.276
104.577
104.834
105.135
105.394
105.651
105.952
106.21
106.425
106.597
106.813
107.328
107.844
108.404
108.962
109.479
110.037
110.295
110.554
110.725
111.113
111.714
112.274
112.574
112.876
113.44
113.95
114.466
114.724
115.025
115.284
115.584
116.143
116.961
117.218
117.392
117.734
118.336
119.2
119.454
119.626
119.971
120.271
120.573
120.831
121.088
121.346
121.605
121.819
122.077
123.239
123.539
123.797
124.055
126.206
126.42
128.183
128.399
130.634
130.935
132.526
132.87
133.343
133.946
136.998
137.429
141.341
141.771
145.73
146.335
149.038
149.898
150.5
151.576
151.962
152.521
153.08
153.596
154.156
154.414
154.671
154.844
155.187
155.79
156.348
156.692
156.95
157.466
157.982
158.799
159.101
159.272
159.617
160.133
160.734
161.035
161.294
161.852
162.368
162.928
163.228
163.53
163.701
164.045
164.562
165.422
165.722
165.895
166.195
166.754
167.357
167.657
167.959
168.475
169.077
169.894
170.11
170.28
170.624
171.184
171.742
172.043
172.301
172.861
173.376
174.194
174.452
174.623
174.968
175.57
176.129
176.472
176.73
177.289
177.805
178.665
178.88
179.053
179.396
179.956
180.557
180.859
181.117
181.632
182.192
183.051
183.266
183.481
183.868
184.384
184.9
185.246
185.502
185.803
186.148
186.665
187.18
187.743
188.254
188.814
189.329
189.889
190.061
190.404
191.007
191.522
192.081
192.684
193.2
193.715
194.188
194.36
194.791
195.393
195.951
196.51
197.027
197.549
198.146
198.617
198.789
199.224
199.779
200.295
200.553
200.81
201.069
201.369
201.67
201.972
202.229
202.531
202.788
203.047
203.311
203.562
204.207
204.766
205.325
205.843
206.401
206.916
207.433
207.604
207.991
208.593
209.195
209.712
210.27
210.786
211.302
211.604
211.862
212.119
212.463
213.022
213.538
214.097
214.656
215.215
215.733
216.291
216.462
216.806
216.978
217.452
217.623
217.925
218.096
218.44
218.612
219
219.301
219.558
219.86
220.117
223.042
223.256
225.019
225.234
227.341
227.513
229.663
230.007
230.395
230.652
230.91
231.211
231.513
231.77
232.243
232.802
233.323
233.619
233.877
234.049
234.437
234.997
235.856
236.114
236.329
236.629
237.231
237.748
238.049
238.35
238.607
238.909
239.424
240.284
240.543
240.716
241.102
241.617
242.176
242.477
242.778
243.079
243.38
243.853
244.67
244.929
245.1
245.487
245.745
246.046
246.347
246.606
246.863
247.164
247.422
247.681
248.284
249.102
249.314
249.53
249.918
250.389
250.991
251.293
251.593
252.109
252.669
253.228
253.485
253.743
253.958
254.345
254.862
255.377
255.678
256.027
256.28
256.582
257.097
257.914
258.172
258.344
258.731
259.247
259.763
260.107
260.408
260.667
260.968
261.483
262.3
262.558
262.73
263.118
263.418
263.719
263.977
264.236
264.494
264.751
265.054
265.268
265.912
266.472
267.03
267.547
268.062
268.622
269.18
269.352
269.525
269.783
270.255
270.815
271.373
271.889
272.19
272.492
272.75
273.053
273.309
273.567
273.781
273.956
274.169
274.684
275.2
275.76
276.275
276.835
277.351
277.652
277.953
278.254
278.554
279.07
279.587
279.888
280.146
280.447
280.704
281.006
281.263
281.564
281.823
282.123
282.381
282.64
282.897
283.5
283.8
284.059
284.316
284.617
284.875
285.133
285.434
285.692
285.993
286.251
286.509
286.767
287.139
287.327
287.629
287.886
288.187
288.444
288.747
289.005
289.304
289.562
289.82
290.121
290.379
290.638
290.938
291.197
291.412
291.583
291.804
292.099
292.357
292.572
292.83
293.088
293.39
293.651
293.948
294.206
294.508
294.765
295.067
295.282
295.626
295.888
296.184
296.442
296.744
297.002
297.303
297.56
297.862
298.077
298.378
298.678
298.936
299.195
299.495
299.797
300.055
300.312
300.656
301.173
301.688
301.947
302.247
302.505
302.888
303.107
303.409
303.666
303.924
304.182
304.484
304.699
304.999
305.258
305.515
305.773
306.074
306.332
306.633
306.934
307.192
307.451
307.751
308.052
308.31
308.612
308.869
309.128
309.429
309.686
310.246
310.547
310.805
311.062
311.321
311.621
311.836
312.137
312.395
312.697
312.955
313.255
313.517
313.814
314.029
314.373
314.631
314.936
315.191
315.492
315.75
316.05
316.352
316.609
316.867
317.125
